10010301
10020101
10020301
10040101
10040301
10050201
10080201
10090201
10100101
10100301
10130201
10150401
10160301
10200101
10200301
10210301
10220201
10230201
10250401
10260101
10270201
10310301
10330101
10330301
10340201
10350201
10360201
10370201
10380201
10380401
10410201
10420201
10430201
10430401
10490201
10530101
10530301
10540201
10550301
10560201
10590301
10620101
10630101
10670301
10710101
10710301
10750101
10750301
10760201
10770201
10780301
10800101
10820201
10860201
10910201
10920301
10930101
10930301
10950201
10970101
10980201
10990101
11020201
11030401
11040201
11050201
11090101
11100301
11140201
11170201
11190201
11200201
11230101
11230301
11240101
11240301
11250101
11260101
11280301
11290201
11320201
11330101
11330301
11360101
11380201
11400101
11410201
11430301
11450301
11480101
11490101
11510401
11540201
11550301
11580201
11590201
11650201
11690101
11700201
11740101
11750101
11770301
11790101
11800201
11810101
11820101
11830301
11840201
11850201
11900101
11930101
11940101
11950101
11960101
11970101
11990201
11990401
12000101
12000301
12010201
12020101
12030101
12040201
12040401
12050101
12060101
12060301
12070101
12090301
12100201
12110101
12120101
12210101
12210301
12230101
12240101
12250101
12300201
12320101
12330101
12330301
12350201
12360401
12370101
12380401
12390201
12400201
12410201
12430201
12440401
12450101
12460101
12460301
12480401
12490101
12520401
12530201
12570101
12580101
12580301
12600201
12620101
12640101
12640301
12650201
12660101
12660301
12670101
12670301
12680201
12690201
12700201
12710101
12720101
12720301
12760201
12770201
12780201
12790101
12790301
12800101
12800301
12810401
12820201
12870201
12880101
12890201
12890401
12900201
12910201
12920201
12930101
12930301
12940101
12950101
12950301
12960201
12970101
12980101
13000101
13020201
13030201
13040201
13040401
13070101
13100301
13110201
13120201
13130201
13150201
13150401
13180201
13190101
13190301
13200201
13210101
13210301
13220201
13230201
13230401
13250101
13260201
13280101
13290201
13290401
13300101
13300301
13330201
13340101
13340301
13400101
13410201
13430101
13440201
13450201
13470101
13490201
13500301
13510101
13520401
13570101
13570301
13580101
13590201
13600201
13630201
13640101
13650401
13660201
13680201
13690301
13720101
13730101
13730301
13740201
13750401
13780201
13790101
13820101
13830301
13840101
13850101
13860101
13860301
13870201
13880101
13880301
13890101
13900201
13910101
13920101
13930301
13940101
13960101
13970201
13990201
14000201
14010101
14020101
14040101
14040301
14060101
14060301
14070201
14080101
14080301
14100201
14120201
14130101
14150101
14170201
14200301
14210101
14210301
14230101
14270201
14280301
14290201
14310101
14320201
14330101
14340201
14350401
14360201
14360401
14380101
14400401
14430101
14430301
14440101
14450101
14450301
14460201
14470101
14510101
14510301
14550202
14560101
14560301
14570101
14570301
14580201
14590201
14590401
14610101
14610301
14620301
14630301
14650101
14650301
14660101
14680201
14690101
14690301
14700201
14700401
14710101
14730301
14770101
14770201
14790201
14800201
14810201
14830101
14850201
14870201
14890301
14910201
14940201
14950101
14960101
14970101
14990401
15000201
15010401
15020201
15050101
15050301
15070201
15080201
15080401
15090201
15110201
15140101
15150201
15160201
15170201
15190101
15200101
15210101
15220201
15230101
15240201
15250201
15290101
15290301
15330201
15340201
15370101
15370301
15390201
15420201
15430401
15450201
15500101
15500301
15520301
15540101
15540301
15550101
15550301
15570201
15590201
15590401
15620101
15630101
15640401
15650101
15650301
15670301
15970001
15970003
16020001
16100003
16200001
16340001
16470001
16490001
16550002
16570003
16790003
16820001
16880002
16930002
16980002
17080002
17100001
17110001
17140001
17300002
17410003
17440001
17440002
17470002
17560002
17660001
17690001
17690003
17760002
17880001
17970002
17980001
17990003
18060004
18200002
18210002
18340001
18350003
18650001
18700002
18750001
18880002
18990002
19080001
19090002
19170001
19250001
19270003
20020101
20030201
20040401
20041001
20051001
20060401
20070401
20081101
20090601
20100201
20110201
20110401
20110801
20111001
20111201
20120101
20120301
20120701
20121301
20130201
20140201
20140401
20140601
20150101
20150501
20150701
20150901
20160201
20160401
20170401
20180201
20180401
20180601
20180801
20190201
20200101
20200501
20200702
20210101
20210301
20220401
20220801
20221001
20221201
20230201
20230801
20240101
20241301
20250201
20250401
20270301
20270701
20280201
20280401
20280601
20290101
20290501
20290901
20291101
20300601
20310201
20310401
20310601
20320401
20320402
20320601
20330201
20330401
20340301
20350201
20350401
20360405
20360406
20370401
20370601
20380301
20390202
20390403
20400201
20400401
20401001
20420501
20420701
20430402
20430801
20440101
20440301
20440501
20440701
20440901
20450201
20450601
20461001
20470401
20470601
20470801
20471201
20480201
20480401
20480601
20480801
20481201
20490201
20490401
20500501
20500701
20510101
20510302
20520401
20520402
20530201
20530401
20540201
20540401
20540801
20541001
20550401
20550601
20550801
20551001
20551401
20560101
20560701
20570101
20580201
20580401
20580801
20590602
20600201
20600801
20601001
20610101
20610301
20620201
20620401
20620601
20630201
20630801
20650201
20660201
20660601
20670201
20670401
20670601
20670801
20671401
20690401
20690601
20700401
20700801
20710701
20720101
20720301
20720501
20720701
20730201
20730401
20730601
20740701
20740901
20741101
20750101
20750501
20750701
20751101
20760401
20761201
20770201
20770401
20780501
20790201
20800801
20801001
20801401
20810301
20810501
20820601
20830402
20840201
20840202
20840601
20840801
20850401
20860101
20860501
20870402
20870601
20880801
20890101
20890301
20900101
20900902
20910101
20910501
20910701
20920201
20920802
20921001
20921201
20940301
20940501
20940901
20941101
20950101
20950301
20950501
20950701
20950901
20970101
20970301
20970901
20980101
20980701
20990301
20990701
20991301
21000201
21000601
21000801
21001001
21010101
21010301
21020201
21020401
21020801
21040301
21040501
21040901
21050101
21050501
21070101
21070501
21070701
21080701
21090101
21090301
21090501
21090901
21110101
21110301
21110901
21120201
21120401
21120601
21120801
21130201
21130401
21140101
21150201
21150401
21160201
21160402
21160601
21160602
21170201
21180101
21190201
21190401
21190801
21210101
21210301
21210701
21230301
21230501
21230701
21240301
21240501
21240901
21250501
21260101
21260301
21260502
21270301
21270501
21280601
21290101
21290501
21290701
21300401
21300601
21310201
21310601
21310801
21320201
21320401
21320601
21321001
21321201
21321401
21330201
21330601
21340701
21340901
21350101
21350301
21360601
21361001
21370101
21370301
21370501
21370701
21380201
21390101
21400101
21400501
21400701
21410401
21410601
21420101
21420501
21430401
21440201
21441001
21450201
21450401
21460401
21460601
21460801
21461001
21470101
21470501
21470701
21480301
21480501
21480701
21480901
21481101
21490301
21490501
21500501
21500901
21510201
21510401
21510601
21511201
21520101
21520501
21520701
21520901
21580101
21580301
21620701
21640701
21650401
21670101
21670501
21670901
21690101
21710201
21780301
21780466
21780467
21780468
21780469
21780470
21780471
21780473
21780476
21780477
21780478
21780479
21780480
21780481
21780482
21780483
21780485
21780486
21780487
21780489
21780490
21780492
21780493
21780494
21780495
21780496
21780497
21780498
21780499
21780500
21780502
21780503
21780504
21780505
21780507
21780508
21780509
21780510
21780511
21780513
21780514
21780515
21780517
21780519
21780520
21780521
21780522
21780523
21780525
21780526
21780527
21780528
21780529
21780531
21780533
21780535
21780536
21780537
21780540
21780541
21780542
21780544
21780545
21780547
21780548
21780549
21780550
21780551
21780552
21780553
21780554
21780556
21780557
21780558
21780559
21780560
21780561
21780562
21780564
21780566
21780567
21780568
21780569
21780570
21780571
21780572
21780573
21780575
21780576
21780577
21780578
21780579
21780580
21780581
21780582
21780585
21780586
21780587
21780588
21780589
21780590
21780591
21780592
21780593
21780594
21780595
21780596
21780597
21780598
21780600
21780601
21780603
21780604
21780606
21780607
21780608
21780610
21780612
21780614
21780615
21780616
21780617
21780618
21780621
21780622
21780623
21780624
21780625
21780626
21780627
21780629
21780630
21780632
21780633
21780634
21780635
21780637
21780638
21780642
21780643
21780644
21780645
21780646
21780648
21780649
21780651
21780653
21780655
21780657
21780659
21780661
21780663
21780665
21780667
21780671
21780675
21780677
21780679
21780681
21780683
21780685
21780687
21780691
21780693
21780695
21780697
21780699
21780701
21780703
21780705
21780707
21780709
21780711
21780713
21780715
21780717
21780719
21780721
21780723
21780725
21780727
21780729
21780731
21780733
21780735
21780737
21780739
21780741
21780743
21780745
21780747
21780749
21780751
21780753
21780755
21780757
21780759
21780763
21780765
21780767
21780769
21780771
21780773
21780775
21780777
21780779
21780781
21780783
21780785
21780787
21780789
21780791
21780793
21780795
21780797
21780799
21780801
21780803
21780805
21780807
21780809
21780811
21780813
21780815
21780817
21780819
21780821
21780823
21780825
21780827
21780829
21780831
21780833
21780835
21780837
21780839
21780841
21780843
21780845
21780847
21780849
21780853
21780855
21780857
21780859
21780861
21780863
21780865
21780867
21780869
21780873
21780875
21780877
21780879
21780881
21780883
21780885
21780887
21780889
21780891
21780893
21780895
21780897
21780899
21780901
21780903
21780905
21780907
21780909
21780911
21780913
21780915
21780917
21780919
21780921
21780923
21780925
21780927
21780929
21780931
21780933
21780935
21780937
21780939
21780941
21780943
21780945
21780947
21780949
21780951
21780953
21780955
21780957
21780959
21780961
21780963
21780965
21780967
21780969
21780971
21780973
21780975
21780977
21780979
21780981
21780983
21780985
21780987
21780989
21780991
21780995
21780997
21780999
21781001
21781003
21781005
21781007
21781009
21781011
21781013
21781015
21781017
21781019
21781021
21781023
21781025
21781027
21781029
21781031
21781033
21781035
21781037
21781041
21781043
21781045
21781047
21781049
21781051
21781053
21781055
21781057
21781059
21781061
21781063
21781065
21781067
21781069
21781071
21781073
21781075
21781077
21781079
21781081
21781083
21781085
21781087
21781089
21781091
21781093
21781095
21781097
21781099
21781101
21781103
21781107
21781109
21781111
21781113
21781115
21781117
21781119
21781121
21781123
21781125
21781127
21781129
21781131
21781133
21781135
21781137
21781139
21781141
21781143
21781145
21781147
21781149
21781151
21781153
21781155
21781157
21781159
21781161
21781163
21790101
21800301
21800501
21800701
21810401
21860101
21870201
21940301
21940501
21950601
21950701
21970401
21990101
22000501
22020101
22020501
22020701
22020901
22030201
22030301
22030601
22030801
22031401
22040201
22050301
22070801
22080201
22080601
22081001
22090401
22120101
22120301
22120701
22120901
22121001
22140301
22140501
22150201
22180101
22180501
22180901
22200201
22200901
22201101
22210201
22230101
22230201
22230301
22230501
22230901
22260201
22280401
22280501
22280801
22281101
22290401
22310201
22310501
22320701
22330101
22340101
22350201
22360301
22360601
22370201
22390201
22390601
22391001
22400601
22430601
22440301
22440501
22441101
22460201
22460801
22461001
22470301
22470701
22470901
22471101
22471301
22480101
22480301
22480501
22480701
22490701
22530701
22550301
22550501
22570301
22580401
22590701
22620801
22630101
22630701
22640101
22650101
22680101
22680501
22680901
22690201
22710101
22720601
22730701
22730901
22740401
22740601
22740801
22750101
22750501
22750701
22750901
22751301
22760901
22770201
22820301
22820501
22820701
22820901
22821101
22821301
22840101
22850301
22870101
22880201
22880601
22881001
22890101
22890201
22910101
22910301
22910701
22921001
22940201
22960301
22960501
22960701
22980101
22990701
23000101
23000301
23000701
23020101
23020501
23030101
23040101
23041101
23050101
23050301
23061001
23100201
23110601
23140501
23150402
23160401
23160501
23160701
23180101
23190301
23230201
23260201
23300201
23310401
23320601
23320801
23330301
23360101
23370701
23380301
23380501
23400501
23400901
23410301
23420101
23450101
23470101
23470301
23480701
23540601
23570401
23570601
23580201
23610101
23630801
23650101
23690101
23690501
23710201
23720101
23720501
23740701
23760101
23780401
23780601
23780801
23810301
23810501
23820101
23830801
23840201
23850101
23880301
23880501
23880701
23910101
23910301
23910501
23910701
23920201
23920601
23930101
23940101
23950601
23980101
23980301
23990401
24000201
24000801
24010301
24010701
24040401
24060601
24060801
24080101
24080301
24090101
24090501
24110101
24110301
24110901
24130101
24130301
24130501
24160601
24161201
24180301
24190501
24190701
24200101
24200901
24220301
24240101
24260101
24270201
24270401
24280301
24290101
24310701
24340201
24340601
24350101
24350301
24360101
24370101
24380601
24390101
24390701
24401501
24421001
24440301
24440701
24450101
24450301
24450501
24480101
24480301
24480501
24510601
24550501
24550701
24570301
24580401
24580601
24590101
24590301
24600401
24600601
24660002
24680004
24710001
24710003
24720004
24750006
24770001
24780006
24820004
24840001
24840008
24870002
24940002
24960016
24980002
24990003
25020002
25050006
25050009
25070002
25070003
25080003
25080004
25080005
25080006
25080010
25120011
25160001
25170007
25210001
25230004
25280009
25290003
25300002
25350004
25400003
25550002
25550007
25550008
25640010
25660006
25730006
25790009
25800004
25890007
25940003
25960004
26020005
26060008
26240005
26290003
26320005
26400006
26410001
26440001
26440003
26470008
26560002
26580003
26600003
26630004
26640003
26730006
26820002
26930004
27000001
27070009
27070010
27130003
27160003
27240005
27240008
27240011
27250003
27300001
27310008
27360001
27390001
27490006
27500008
27540005
27540009
27560004
27580001
27580002
27580003
27580004
27580005
27580009
27580010
27580011
27580012
27580013
27580014
27580015
27580016
27580017
27580018
27580021
27580022
27580023
27580024
27580025
27580027
27580028
27580030
27580031
27580032
27580033
27580034
27580035
27580036
27580037
27580038
27580039
27580040
27580041
27580043
27580044
27580045
27580046
27580047
27580048
27580049
27580051
27580052
27580054
27580055
27580056
27580058
27580061
27580062
27580063
27580064
27580065
27580066
27580067
27580068
27580069
27580070
27580071
27580072
27580073
27580074
27580075
27580076
27580078
27580079
27580080
27580081
27580082
27580085
27580087
27580088
27580089
27580090
27580091
27580093
27580094
27580095
27580096
27580097
27580098
27580099
27580100
27580102
27580103
27580105
27580106
27580107
27580108
27580109
27580111
27580112
27580113
27580114
27580117
27580121
27580122
27580123
27580125
27580127
27580128
27580129
27580130
27580131
27580132
27580134
27580135
27580136
27580137
27580138
27580141
27580143
27580144
27580145
27580146
27580147
27580148
27580150
27580151
27580154
27580155
27580156
27580158
27580159
27580160
27580161
27580162
27580163
27580164
27580165
27580166
27580168
27580169
27580170
27580171
27580172
27580174
27580175
27580177
27580178
27580179
27580180
27580183
27580184
27580185
27580186
27580187
27580188
27580190
27580192
27580193
27580195
27580197
27580198
27580199
27580200
27580201
27580203
27580204
27580205
27580206
27580208
27580210
27580213
27580216
27580217
27580218
27580219
27580222
27580223
27580229
27580230
27580231
27580232
27580233
27580235
27580238
27580239
27580240
27580241
27580243
27580245
27580246
27580247
27580248
27580249
27580250
27580251
27580253
27580254
27580255
27580256
27580257
27580258
27580259
27580260
27580261
27580262
27580266
27580267
27580268
27580269
27580270
27580271
27580272
27580273
27580276
27580277
27580278
27580279
27580281
27580283
27580285
27580287
27580289
27580291
27580293
27580295
27580297
27580299
27580301
27580303
27580305
27580307
27580309
27580311
27580315
27580319
27580321
27580323
27580325
27580327
27580329
27580331
27580333
27580335
27580337
27580339
27580341
27580343
27580345
27580347
27580349
27580351
27580353
27580355
27580357
27580359
27580361
27580363
27580365
27580367
27580369
27580371
27580373
27580375
27580377
27580379
27580381
27580383
27580385
27580387
27580389
27580391
27580393
27580395
27580397
27580399
27580401
27580403
27580405
27580407
27580409
27580411
27580413
27580415
27580417
27580419
27580421
27580423
27580425
27580427
27580429
27580431
27580433
27580435
27580437
27580439
27580445
27580447
27580449
27580451
27580453
27580455
27580457
27580459
27580461
27590001
27590004
27590005
27590007
27590008
27590009
27590010
27590011
27590012
27590014
27590016
27590018
27590021
27590022
27590023
27590024
27590025
27590026
27590028
27590029
27590030
27590032
27590034
27590036
27590037
27590038
27590043
27590044
27590046
27590047
27590048
27590049
27590050
27590051
27590052
27590053
27590054
27590055
27590056
27590057
27590059
27590061
27590063
27590064
27590065
27590066
27590069
27590071
27590072
27590073
27590075
27590077
27590080
27590081
27590083
27590084
27590085
27590086
27590087
27590088
27590089
27590090
27590091
27590092
27590093
27590094
27590096
27590097
27590098
27590099
27590100
27590101
27590102
27590104
27590106
27590107
27590108
27590109
27590110
27590111
27590116
27590117
27590118
27590119
27590121
27590122
27590123
27590126
27590127
27590128
27590129
27590130
27590131
27590133
27590134
27590135
27590137
27590139
27590140
27590141
27590142
27590143
27590144
27590145
27590146
27590148
27590150
27590151
27590152
27590153
27590155
27590156
27590157
27590158
27590159
27590160
27590162
27590163
27590164
27590166
27590167
27590170
27590171
27590173
27590174
27590175
27590176
27590179
27590180
27590181
27590183
27590185
27590188
27590189
27590190
27590191
27590192
27590193
27590194
27590195
27590196
27590197
27590198
27590199
27590200
27590203
27590204
27590205
27590206
27590207
27590210
27590211
27590212
27590213
27590216
27590217
27590218
27590219
27590221
27590223
27590224
27590227
27590228
27590230
27590231
27590232
27590233
27590235
27590236
27590237
27590242
27590243
27590244
27590245
27590246
27590247
27590248
27590249
27590251
27590252
27590253
27590254
27590255
27590256
27590257
27590258
27590259
27590261
27590262
27590263
27590265
27590266
27590267
27590269
27590270
27590271
27590272
27590274
27590275
27590276
27590277
27590279
27590280
27590281
27590283
27590284
27590285
27590288
27590289
27590290
27590292
27590296
27590298
27590300
27590301
27590302
27590304
27590305
27590306
27590307
27590311
27590314
27590315
27590316
27590317
27590318
27590319
27590320
27590321
27590322
27590323
27590324
27590325
27590326
27590327
27590328
27590329
27590330
27590331
27590334
27590335
27590336
27590337
27590338
27590340
27590341
27590342
27590343
27590345
27590347
27590348
27590349
27590351
27590352
27590353
27590354
27590355
27590356
27590357
27590359
27590360
27590361
27590364
27590365
27590366
27590368
27590369
27590370
27590373
27590374
27590375
27590376
27590377
27590378
27590379
27590380
27590381
27590382
27590383
27590385
27590386
27590387
27590388
27590389
27590391
27590392
27590393
27590394
27590395
27590396
27590397
27590398
27590399
27590400
27590403
27590404
27590405
27590406
27590407
27590409
27590410
27590411
27590412
27590413
27590414
27590415
27590416
27590417
27590418
27590419
27590420
27590421
27590422
27590423
27590424
27590425
27590426
27590427
27590429
27590430
27590431
27590432
27590433
27590434
27590436
27590437
27590438
27590439
27590441
27590442
27590443
27590444
27590446
27590447
27590448
27590449
27590452
27590453
27590454
27590455
27590456
27590458
27590459
27590460
27590461
27590462
27590463
27590464
27590466
27590467
27590468
27590469
27590470
27590472
27590473
27590474
27590475
27590476
27590477
27590478
27590479
27590480
27590481
27590483
30010002
30010004
30010005
30010010
30010011
30020001
30020002
30020003
30020005
30020008
30020009
30020010
30020013
30020014
30030001
30030002
30030005
30030009
30030012
30040002
30040003
30040004
30040006
30050001
30050007
30060001
30060004
30060010
30060011
30060012
30060013
30060014
30060015
30060017
30060018
30060019
30060020
30070002
30070004
30070005
30070008
30070009
30070010
30080001
30080002
30080004
30080006
30080008
30080009
30080011
30090001
30090002
30090004
30090006
30090007
30090008
30090010
30090012
30090013
30090014
30090015
30100001
30100003
30100004
30100006
30100009
30100017
30100018
30110001
30110002
30110003
30110004
30110008
30110009
30110010
30110011
30110012
30110014
30120001
30120002
30120005
30120006
30120007
30120013
30130004
30130007
30130009
30130010
30140003
30140005
30140008
30140009
30140010
30140012
30150001
30150002
30150003
30150004
30150005
30150006
30150007
30150008
30150009
30150011
30150012
30160001
30160002
30160004
30160008
30160011
30160012
30160014
30160016
30170001
30170003
30170004
30170009
30170010
30170013
30170014
30180001
30180003
30180004
30180005
30180006
30180007
30180008
30180009
30190001
30190002
30190003
30190007
30190008
30190009
30190010
30190013
30190014
30190015
30190016
30190017
30200001
30200002
30200003
30200004
30200007
30200008
30200009
30200011
30200012
30210001
30210003
30210004
30210006
30210007
30210008
30210009
30210011
30210012
30210013
30220001
30220002
30220003
30220004
30220008
30220010
30230001
30230002
30230003
30230004
30230007
30230011
30230012
30230014
30230017
30230018
30230019
30230020
30230021
30230022
30240001
30240002
30240004
30240005
30240007
30240009
30240010
30240011
30240012
30240013
30240014
30250001
30250002
30250006
30250008
30250009
30250010
30260002
30260004
30260005
30260006
30260007
30260010
30260011
30260012
30260013
30260014
30270003
30270005
30270006
30280001
30280002
30280003
30280004
30280007
30280008
30280011
30280012
30280013
30280014
30280015
30280016
30280017
30290002
30290003
30290005
30290007
30290008
30290009
30290011
30290012
30300001
30300002
30300003
30300004
30300006
30300008
30300009
30300012
30300015
30300016
30310002
30310005
30310006
30310008
30310009
30310010
30310012
30310013
30310014
30320001
30320004
30320005
30320006
30320007
30320008
30320009
30320011
30320012
30320013
30330002
30330003
30330004
30330007
30330009
30330011
30330012
30330013
30330014
30330015
30330016
30330017
30330018
30330019
30330022
30340001
30340002
30340005
30340006
30340008
30340010
30340012
30340013
30340014
30350001
30350002
30350007
30350010
30350011
30350012
30350013
30360004
30360005
30360006
30360007
30360008
30360009
30360010
30360011
30360013
30360016
30360017
30360018
30370001
30370002
30370004
30370005
30370008
30370010
30370011
30370013
30370014
30370015
30370016
30370017
30380001
30380002
30380003
30380004
30380006
30380007
30380008
30380010
30380011
30380015
30380016
30380017
30380018
30390001
30390003
30390004
30390005
30390006
30390008
30390010
30390011
30390012
30400001
30400002
30400005
30400007
30400008
30400009
30410001
30410004
30410006
30410010
30420001
30420002
30420003
30420005
30420007
30420008
30420009
30420010
30420011
30420012
30420014
30430001
30430003
30430004
30430006
30430012
30440001
30440002
30440003
30440004
30440005
30440006
30440007
30440008
30440009
30440010
30440012
30440014
30440016
30450001
30450002
30450003
30450004
30450005
30450007
30450008
30450011
30450012
30450014
30450015
30460001
30460002
30460003
30460004
30460007
30460008
30460009
30460011
30460012
30470001
30470002
30470004
30470009
30470010
30470011
30470012
30470013
30480001
30480004
30480005
30480007
30480008
30480010
30480011
30480013
30480014
30490002
30490005
30490007
30500001
30500003
30500004
30500005
30500008
30500009
30500011
30500012
30500013
30510005
30510007
30510014
30510015
30510016
30530001
30530002
30530003
30530004
30530005
30530006
30530008
30530009
30540001
30540003
30540004
30540006
30540009
30540011
30540013
30540014
30550003
30550004
30550006
30550010
30560003
30560004
30560007
30560008
30560009
30560010
30560011
30570002
30570004
30570005
30570008
30570010
30570011
30570012
30570013
30570015
30580001
30580002
30580004
30580008
30580009
30580010
30580012
30580015
30580016
30580017
30590001
30590003
30590004
30590006
30590010
30590012
30590016
30590018
30590019
30590020
30600001
30600007
30600008
30600009
30600010
30600011
30610002
30610004
30610007
30610009
30610012
30610013
30620005
30620008
30620011
30620012
30630001
30630002
30630005
30630007
30630008
30630009
30630012
30630016
30630018
30630019
30630020
30640002
30640004
30640006
30650001
30660003
30660005
30660008
30660009
30670004
30670005
30670008
30670009
30670012
30670014
30670015
30680002
30680005
30680008
30680010
30680011
30680013
30680014
30680015
30680017
30690001
30690003
30690005
30690007
30690008
30690009
30690010
30690012
30690013
30700003
30700004
30700006
30700008
30700010
30700011
30700014
30710005
30710008
30710010
30710011
30710012
30710016
30710017
30710019
30720001
30720002
30720003
30720004
30720006
30720007
30720009
30720010
30720011
30720012
30720014
30720016
30720017
30720018
30730002
30730003
30730004
30730007
30730010
30730014
30730015
30730016
30730017
30740001
30740007
30740009
30740010
30740013
30740015
30750001
30750002
30750003
30750006
30750007
30750009
30750013
30750014
30760001
30760003
30760004
30760007
30760009
30760010
30760012
30760014
30760016
30770001
30770002
30770004
30770006
30770007
30770008
30770010
30770012
30770013
30770014
30770015
30770019
30770020
30780002
30780003
30780009
30780010
30780011
30780014
30790003
30790005
30790006
30790007
30790011
30790012
30790013
30790014
30790016
30790018
30790019
30800001
30800002
30800003
30800004
30800007
30800010
30800011
30800012
30810001
30810003
30810004
30810006
30810008
30810009
30810010
30810012
30810014
30820001
30820002
30820003
30820010
30820011
30820012
30820013
30820014
30820015
30820016
30820019
30830001
30830002
30830006
30830007
30830009
30830010
30830013
30830014
30830015
30830017
30840003
30840004
30840010
30840012
30840013
30840014
30840015
30850001
30850005
30850007
30850008
30850009
30850010
30850017
30850018
30860001
30860002
30860004
30860008
30860010
30870002
30870003
30880003
30880004
30880005
30880006
30880007
30880008
30880009
30880011
30890003
30890004
30890005
30890007
30890008
30890010
30890011
30890013
30890014
30890015
30890016
30890017
30900001
30900002
30900005
30900007
30900008
30900010
30900014
30910001
30910003
30910005
30910006
30910007
30910009
30910011
30920001
30920002
30920005
30920006
30920009
30920010
30920012
30920013
30920014
30920016
30920018
30920021
30930005
30930007
30930008
30930010
30930011
30930012
30930014
30940001
30940002
30940004
30940007
30940010
30940012
30950004
30950007
30950008
30950009
30950010
30950013
30960001
30960004
30960005
30960008
30960013
30970001
30970009
30980001
30980002
30980004
30980005
30980010
30980011
30980012
30980013
30990001
30990002
30990003
30990005
30990006
30990007
30990010
30990011
31000001
31000002
31000006
31000007
31000009
31000011
31000013
31000014
31010001
31010004
31010006
31010008
31010011
31010012
31010013
31010014
31010016
40000001
40000004
40000009
40000010
40000011
40000014
40000015
40000016
40000018
40000020
40000022
40000023
40000025
40000029
40000036
40000041
40000047
40000048
40000049
40000053
40000057
40000058
40000059
40000060
40000061
40000062
40000064
40000065
40000066
40000067
40000068
40000074
40000075
40000077
40000078
40000079
40000080
40000083
40000084
40000085
40000086
40000087
40000088
40000091
40000092
40000093
40000095
40000097
40000098
40000099
40000100
40000101
40000103
40000104
40000111
40000113
40000114
40000116
40000117
40000123
40000126
40000134
40000135
40000136
40000137
40000139
40000141
40000142
40000143
40000144
40000145
40000146
40000147
40000148
40000150
40000151
40000152
40000153
40000154
40000155
40000156
40000157
40000160
40000161
40000163
40000164
40000165
40000166
40000169
40000171
40000172
40000175
40000176
40000179
40000183
40000185
40000186
40000189
40000190
40000191
40000192
40000194
40000198
40000199
40000204
40000205
40000208
40000209
40000211
40000212
40000213
40000215
40000216
40000217
40000219
40000220
40000223
40000224
40000227
40000228
40000230
40000231
40000233
40000234
40000238
40000244
40000246
40000247
40000248
40000249
40000252
40000256
40000258
40000259
40000262
40000265
40000269
40000270
40000272
40000275
40000276
40000277
40000279
40000282
40000284
40000286
40000287
40000288
40000289
40000292
40000294
40000298
40000299
40000301
40000303
40000305
40000306
40000307
40000308
40000309
40000313
40000314
40000316
40000317
40000318
40000319
40000320
40000322
40000324
40000328
40000329
40000331
40000332
40000333
40000336
40000341
40000342
40000343
40000344
40000345
40000346
40000347
40000349
40000350
40000353
40000354
40000356
40000357
40000358
40000360
40000361
40000363
40000364
40000367
40000368
40000370
40000371
40000373
40000376
40000377
40000378
40000379
40000381
40000382
40000385
40000386
40000387
40000388
40000389
40000390
40000391
40000392
40000393
40000394
40000395
40000396
40000397
40000398
40000400
40000401
40000402
40000403
40000404
40000405
40000406
40000407
40000408
40000409
40000410
40000411
40000412
40000413
40000414
40000416
40000417
40000418
40000420
40000421
40000422
40000424
40000425
40000426
40000427
40000429
40000430
40000435
40000436
40000437
40000438
40000439
40000440
40000441
40000443
40000445
40000446
40000447
40000449
40000450
40000452
40000454
40000455
40000456
40000458
40000459
40000460
40000461
40000462
40000463
40000468
40000470
40000471
40000472
40000473
40000474
40000476
40000477
40000480
40000481
40000482
40000483
40000484
40000485
40000486
40000487
40000488
40000489
40000490
40000491
40000493
40000495
40000496
40000497
40000499
40000500
40000501
40000504
40000505
40000506
40000507
40000508
40000509
40000510
40000511
40000512
40000513
40000514
40000515
40000517
40000518
40000519
40000521
40000522
40000524
40000525
40000526
40000527
40000528
40000529
40000530
40000531
40000533
40000534
40000535
40000536
40000538
40000540
40000541
40000542
40000543
40000544
40000545
40000546
40000547
40000548
40000551
40000552
40000553
40000554
40000555
40000556
40000557
40000560
40000562
40000563
40000565
40000567
40000568
40000569
40000570
40000571
40000573
40000576
40000579
40000580
40000581
40000582
40000583
40000584
40000587
40000588
40000589
40000590
40000591
40000592
40000593
40000595
40000597
40000598
40000599
40000601
40000602
40000603
40000605
40000607
40000608
40000611
40000613
40000615
40000616
40000618
40000619
40000620
40000621
40000622
40000623
40000624
40000625
40000626
40000627
40000628
40000629
40000630
40000631
40000632
40000633
40000634
40000635
40000636
40000639
40000640
40000641
40000643
40000644
40000645
40000646
40000647
40000648
40000649
40000651
40000652
40000653
40000654
40000655
40000657
40000658
40000660
40000662
40000663
40000665
40000666
40000667
40000672
40000673
40000674
40000676
40000677
40000679
40000680
40000681
40000682
40000683
40000684
40000685
40000686
40000688
40000691
40000692
40000694
40000695
40000700
40000701
40000703
40000704
40000705
40000706
40000707
40000708
40000709
40000711
40000713
40000715
40000716
40000717
40000718
40000719
40000720
40000724
40000725
40000726
40000727
40000728
40000732
40000733
40000734
40000735
40000736
40000739
40000740
40000741
40000742
40000745
40000746
40000748
40000750
40000752
40000754
40000755
40000757
40000758
40000759
40000764
40000769
40000772
40000774
40000775
40000777
40000778
50000001
50000002
50000003
50000004
50000005
50000006
50000007
50000009
50000011
50000013
50000014
50000015
50000017
50000018
50000019
50000020
50000021
50000022
50000024
50000026
50000028
50000034
50000035
50000036
50000037
50000038
50000039
50000040
50000041
50000042
50000046
50000047
50000048
50000050
50000054
50000057
50000058
50000059
50000060
50000061
50000062
50000064
50000065
50000066
50000067
50000068
50000069
50000070
50000071
50000072
50000073
50000074
50000075
50000076
50000077
50000078
50000079
50000080
50000081
50000084
50000085
50000086
50000087
50000088
50000089
50000090
50000091
50000092
50000093
50000094
50000095
50000096
50000098
50000099
50000100
50000101
50000102
50000103
50000105
50000106
50000107
50000108
50000109
50000110
50000111
50000112
50000113
50000114
50000115
50000116
50000117
50000118
50000119
50000120
50000122
50000123
50000124
50000125
50000126
50000127
50000129
50000131
50000132
50000133
50000137
50000138
50000139
50000141
50000142
50000143
50000144
50000145
50000146
50000149
50000150
50000151
50000152
50000153
50000155
50000156
50000157
50000158
50000159
50000160
50000161
50000162
50000163
50000164
50000166
50000167
50000168
50000169
50000171
50000172
50000173
50000175
50000176
50000177
50000178
50000179
50000180
50000181
50000182
50000183
50000184
50000185
50000186
50000187
50000188
50000189
50000192
50000193
50000194
50000196
50000197
50000198
50000199
50000200
50000201
50000202
50000203
50000205
50000206
50000207
50000208
50000209
50000210
50000211
50000212
50000213
50000214
50000215
50000216
50000217
50000218
50000219
50000220
50000222
50000223
50000224
50000225
50000227
50000229
50000230
50000231
50000235
50000236
50000237
50000238
50000239
50000240
50000242
50000243
50000244
50000245
50000246
50000247
50000248
50000249
50000250
50000251
50000252
50000253
50000254
50000255
50000256
50000257
50000258
50000259
50000260
50000261
50000262
50000263
50000264
50000265
50000266
50000268
50000269
50000270
50000271
50000272
50000273
50000274
50000275
50000276
50000277
50000278
50000279
50000284
50000285
50000286
50000287
50000288
50000289
50000290
50000291
50000293
50000294
50000295
50000296
50000297
50000298
50000299
50000301
50000302
50000303
50000305
50000306
50000307
50000308
50000314
50000315
50000316
50000318
50000320
50000321
50000322
50000323
50000324
50000326
50000328
50000329
50000331
50000332
50000333
50000334
50000335
50000336
50000337
50000338
50000341
50000342
50000343
50000344
50000345
50000346
50000347
50000348
50000349
50000350
50000351
50000352
50000353
50000354
50000358
50000359
50000360
50000361
50000362
50000363
50000366
50000367
50000368
50000369
50000370
50000371
50000372
50000373
50000374
50000380
50000382
50000383
50000385
50000386
50000387
50000388
50000389
50000391
50000393
50000394
50000397
50000398
50000400
50000401
50000402
50000403
50000404
50000405
50000406
50000407
50000409
50000410
50000412
50000414
50000415
50000416
50000417
50000418
50000419
50000420
50000422
50000423
50000424
50000425
50000426
50000427
50000428
50000429
50000430
50000431
50000432
50000433
50000435
50000436
50000437
50000438
50000439
50000440
50000441
50000442
50000443
50000444
50000445
50000446
50000447
50000448
50000449
50000450
50000451
50000452
50000453
50000454
50000455
50000456
50000457
50000458
50000459
50000460
50000461
50000462
50000463
50000464
50000466
50000467
50000469
50000470
50000471
50000472
50000473
50000474
50000475
50000476
50000477
50000478
50000479
50000480
50000481
50000482
50000483
50000484
50000485
50000486
50000487
50000488
50000489
50000490
50000491
50000492
50000493
50000496
50000497
50000498
50000500
50000502
50000505
50000506
50000508
50000510
50000511
50000512
50000513
50000514
50000515
50000516
50000518
50000519
50000520
50000521
50000522
50000523
50000524
50000525
50000527
50000528
50000529
50000533
50000535
50000536
50000538
50000539
50000540
50000541
50000543
50000544
50000545
50000546
50000547
50000548
50000549
50000551
50000552
50000554
50000559
50000561
50000562
50000563
50000564
50000566
50000567
50000568
50000569
50000573
50000575
50000576
50000579
50000580
50000581
50000582
50000583
50000584
50000585
50000586
50000588
50000590
50000592
50000593
50000595
50000600
50000602
50000604
50000605
50000610
50000611
50000613
50000614
50000617
50000620
50000621
50000623
50000626
50000627
50000628
50000629
50000630
50000631
50000632
50000633
50000634
50000635
50000636
50000637
50000638
50000640
50000641
50000642
50000643
50000644
50000645
50000646
50000647
50000648
50000650
50000651
50000653
50000654
50000656
50000657
50000658
50000659
50000660
50000662
50000663
50000664
50000665
50000666
50000667
50000668
50000669
50000670
50000671
50000672
50000673
50000674
50000675
50000676
50000677
50000678
50000679
50000680
50000681
50000683
50000684
50000685
50000686
50000688
50000689
50000690
50000691
50000692
50000693
50000694
50000695
50000698
50000700
50000701
50000702
50000703
50000705
50000706
50000707
50000708
50000709
50000710
50000711
50000712
50000713
50000714
50000717
50000718
50000719
50000720
50000721
50000722
50000723
50000724
50000725
50000726
50000727
50000728
50000729
50000730
50000732
50000733
50000734
50000735
50000739
50000740
50000741
50000742
50000743
50000745
50000747
50000749
50000750
50000751
50000752
50000753
50000754
50000757
50000758
50000759
50000760
50000762
50000763
50000764
50000765
50000767
50000768
50000770
50000771
50000773
50000774
50000775
50000776
50000777
50000778
50000779
50000780
50000781
50000782
50000783
50000784
50000785
50000787
50000788
50000789
50000790
50000791
50000792
50000793
50000794
50000795
50000799
50000800
50000801
50000802
50000803
50000804
50000806
50000807
50000808
50000809
50000810
50000811
50000812
50000813
50000814
50000816
50000817
50000818
50000820
50000821
50000822
50000823
50000824
50000825
50000826
50000827
50000828
50000829
50000830
50000832
50000833
50000834
50000837
50000838
50000839
50000840
50000844
50000846
50000849
50000850
50000852
50000853
50000854
50000856
50000858
50000859
50000862
50000863
50000864
50000865
50000867
50000868
50000869
50000872
50000873
50000875
50000876
50000877
50000879
50000881
50000883
50000885
50000886
50000889
50000890
50000891
50000892
50000894
50000895
50000897
50000900
50000901
50000903
50000904
50000905
50000907
50000908
50000909
50000910
50000911
50000912
50000913
50000914
50000915
50000916
50000917
50000920
50000921
50000922
50000923
50000924
50000926
50000928
50000930
50000931
50000932
50000933
50000935
50000937
50000938
50000940
50000941
50000942
50000943
50000945
50000947
50000948
50000950
50000953
50000954
50000956
50000960
50000962
50000963
50000968
50000969
50000970
50000971
50000973
50000975
50000977
50000978
50000979
50000981
50000985
50000986
50000987
50000989
50000992
50000993
50000994
50000995
50000996
50000998
50000999
50001001
50001002
50001003
50001004
50001005
50001007
50001009
50001010
50001012
50001013
50001014
50001015
50001016
50001017
50001018
50001020
50001021
50001022
50001023
50001029
50001031
50001032
50001033
50001034
50001035
50001037
50001038
50001040
50001041
50001042
50001043
50001045
50001048
50001049
50001050
50001051
50001052
50001053
50001054
50001055
50001056
50001058
50001059
50001061
50001062
50001065
50001067
50001068
50001070
50001071
50001072
50001073
50001074
50001075
50001076
50001078
50001082
50001083
50001084
50001085
50001086
50001087
50001088
50001092
50001093
50001094
50001095
50001096
50001097
50001099
50001100
50001101
50001102
50001103
50001104
50001105
50001106
50001107
50001108
50001109
50001110
50001111
50001113
50001114
50001116
50001117
50001118
50001119
50001120
50001121
50001122
50001123
50001127
50001128
50001130
50001131
50001132
50001134
50001136
50001138
50001139
50001140
50001141
50001142
50001143
50001145
50001147
50001148
50001151
50001152
50001153
50001158
50001160
50001161
50001162
50001165
50001166
50001167
50001168
50001169
50001171
50001172
50001173
50001176
50001178
50001180
50001181
50001182
50001184
50001185
50001186
50001187
50001189
50001190
50001191
50001192
50001194
50001195
50001197
50001198
50001200
50001202
50001205
50001206
50001207
50001208
50001210
50001211
50001212
50001213
50001214
50001215
50001216
50001220
50001221
50001224
50001227
50001229
50001230
50001231
50001232
50001234
50001235
50001237
50001239
50001240
50001243
50001245
50001246
50001248
50001249
50001250
50001251
50001252
50001254
50001256
50001258
50001260
50001262
50001263
50001266
50001270
50001272
50001273
50001274
50001277
50001278
50001279
50001280
50001281
50001282
50001283
50001284
50001285
50001286
50001287
50001288
50001289
50001291
50001292
50001293
50001294
50001295
50001296
50001297
50001298
50001299
50001300
50001303
50001304
50001305
50001306
50001307
50001308
50001309
50001310
50001311
50001312
50001313
50001314
50001316
50001317
50001320
50001322
50001324
50001325
50001327
50001330
50001332
50001333
50001334
50001335
50001337
50001338
50001339
50001340
50001341
50001342
50001344
50001348
50001350
50001351
50001352
50001353
50001356
50001358
50001359
50001360
50001361
50001362
50001365
50001367
50001369
50001370
50001373
50001374
50001375
50001376
50001378
50001379
50001380
50001381
50001383
50001384
50001385
50001386
50001387
50001388
50001389
50001391
50001392
50001393
50001394
50001395
50001396
50001397
50001398
50001399
50001400
50001402
50001403
50001404
50001406
50001407
50001408
50001409
50001410
50001411
50001412
50001413
50001414
50001415
50001416
50001417
50001419
50001420
50001421
50001422
50001423
50001424
50001425
50001426
50001428
50001433
50001434
50001435
50001437
50001438
50001439
50001441
50001446
50001447
50001449
50001450
50001451
50001452
50001453
50001454
50001455
50001456
50001457
50001458
50001459
50001460
60000015
60000018
60000022
60000024
60000025
60000027
60000028
60000030
60000031
60000032
60000036
60000037
60000039
60000041
60000043
60000047
60000050
60000052
60000053
60000055
60000057
60000058
60000059
60000061
60000062
60000064
60000065
60000066
60000067
60000068
60000069
60000071
60000072
60000074
60000076
60000077
60000078
60000079
60000080
60000081
60000083
60000086
60000087
60000089
60000090
60000092
60000093
60000094
60000095
60000096
60000097
60000099
60000100
60000101
60000102
60000104
60000106
60000107
60000109
60000110
60000112
60000113
60000114
60000115
60000116
60000117
60000118
60000120
60000121
60000124
60000126
60000127
60000128
60000129
60000130
60000131
60000133
60000134
60000136
60000138
60000141
60000142
60000143
60000144
60000145
60000147
60000148
60000150
60000151
60000152
60000153
60000154
60000155
60000156
60000157
60000159
60000164
60000165
60000171
60000177
60000179
60000181
60000183
60000187
60000189
60000191
60000194
60000196
60000198
60000199
60000204
60000206
60000207
60000209
60000210
60000218
60000220
60000223
60000225
60000226
60000229
60000233
60000234
60000236
60000238
60000243
60000244
60000247
60000249
60000252
60000253
60000254
60000259
60000261
60000262
60000265
60000267
60000272
60000276
60000277
60000279
60000280
60000287
60000290
60000292
60000294
60000295
60000298
60000299
60000301
60000310
60000312
60000314
60000320
60000321
60000322
60000324
60000325
60000327
60000328
60000329
60000330
60000331
60000333
60000336
60000344
60000347
60000351
60000352
60000354
60000357
60000361
60000362
60000364
60000367
60000368
60000372
60000377
60000379
60000380
60000381
60000382
60000383
60000384
60000385
60000386
60000387
60000388
60000390
60000391
60000392
60000393
60000395
60000397
60000400
60000401
60000402
60000403
60000405
60000407
60000408
60000409
60000411
60000412
60000413
60000415
60000416
60000417
60000418
60000419
60000420
60000421
60000422
60000424
60000425
60000426
60000427
60000428
60000429
60000430
60000432
60000433
60000436
60000437
60000438
60000440
60000441
60000442
60000443
60000446
60000448
60000450
60000453
60000455
60000456
60000457
60000458
60000460
60000461
60000462
60000465
60000466
60000467
60000468
60000469
60000470
60000471
60000472
60000473
60000474
60000475
60000476
60000477
60000478
60000479
60000480
60000481
60000482
60000483
60000484
60000486
60000487
60000488
60000489
60000490
60000491
60000492
60000493
60000494
60000495
60000496
60000497
60000498
60000499
60000500
60000501
60000502
60000505
60000506
60000507
60000509
60000511
60000512
60000514
60000515
60000516
60000517
60000518
60000520
60000521
60000523
60000524
60000525
60000526
60000527
60000528
60000529
60000530
60000531
60000532
60000533
60000534
60000535
60000536
60000537
60000538
60000539
60000540
60000541
60000542
60000543
60000547
60000549
60000550
60000553
60000554
60000555
60000556
60000557
60000558
60000559
60000561
60000563
60000564
60000565
60000566
60000567
60000568
60000569
60000570
60000572
60000573
60000574
60000575
60000576
60000577
60000578
60000580
60000581
60000582
60000584
60000585
60000586
60000587
60000588
60000589
60000590
60000592
60000593
60000595
60000596
60000598
60000599
60000600
60000601
60000602
60000603
60000604
60000606
60000607
60000608
